129.4042251157567,129.4042251157567,129.4042251157567,16.742973858009268,16.742973858009268,16.742973858009268,16.742973858009268,12.76054790308901,12.76054790308901,12.76054790308901,12.76054790308901,12.76054790308901,12.76054790308901,12.76054790308901,2.147337094815692,2.147337094815692,2.147337094815692,2.147337094815692,2.147337094815692,2.147337094815692,2.147337094815692,2.147337094815692,2.147337094815692,2.147337094815692,2.147337094815692,2.147337094815692,2.147337094815692,2.147337094815692,2.147337094815692,2.147337094815692,2.147337094815692,2.147337094815692,2.147337094815692,2.147337094815692,2.147337094815692,2.147337094815692,2.147337094815692,2.147337094815692,2.147337094815692,2.147337094815692,2.147337094815692,2.147337094815692,2.147337094815692,2.147337094815692,2.147337094815692,2.147337094815692,2.147337094815692,2.147337094815692,2.147337094815692,2.147337094815692,2.147337094815692,2.147337094815692,2.147337094815692,2.147337094815692,1.6692065904145807,1.6692065904145807,1.6692065904145807,1.6692065904145807,1.6692065904145807,1.6692065904145807,1.6692065904145807,1.6692065904145807,1.6692065904145807,1.6692065904145807,1.6692065904145807,1.6692065904145807,1.6692065904145807,1.6692065904145807,1.6692065904145807,1.6692065904145807,1.6692065904145807,1.02820458115352,1.02820458115352,1.02820458115352,1.02820458115352,1.02820458115352,1.02820458115352,1.02820458115352,1.02820458115352,1.02820458115352,1.02820458115352
2264.741022981683,4.5360774675115945,4.5360774675115945,4.5360774675115945,4.5360774675115945,4.5360774675115945,4.5360774675115945,4.5360774675115945,4.5360774675115945,4.5360774675115945,4.5360774675115945,4.5360774675115945,4.5360774675115945,4.5360774675115945,4.5360774675115945,4.5360774675115945,4.5360774675115945,4.5360774675115945,4.5360774675115945,4.5360774675115945,4.5360774675115945,3.8933310280746225,3.8933310280746225,3.8933310280746225,3.8933310280746225,3.8933310280746225,3.8933310280746225,3.8933310280746225,3.8933310280746225,3.8933310280746225,3.8933310280746225,3.8933310280746225,3.8933310280746225,3.8933310280746225,1.5252690449539203,1.5252690449539203,1.5252690449539203,1.5252690449539203,1.5252690449539203,1.5252690449539203,1.5252690449539203,1.5252690449539203,1.5252690449539203,1.2551688908937217,1.2551688908937217,1.2551688908937217,1.2551688908937217,1.2551688908937217,1.2551688908937217,1.2551688908937217,1.2551688908937217,1.2551688908937217,1.2551688908937217,1.2551688908937217,1.2551688908937217,1.2551688908937217,1.2551688908937217,1.2551688908937217,1.2551688908937217,1.2551688908937217,1.2551688908937217,1.2551688908937217,1.2551688908937217,1.2551688908937217,1.2551688908937217,1.2551688908937217,1.2551688908937217,1.2551688908937217,1.2551688908937217,1.2551688908937217,1.2551688908937217,1.2551688908937217,1.2551688908937217,1.2551688908937217,1.2551688908937217,1.2551688908937217,1.2551688908937217,1.2551688908937217,1.2551688908937217,1.2551688908937217,1.2551688908937217
155.25679195197756,155.25679195197756,155.25679195197756,155.25679195197756,155.25679195197756,0.5654008589184861,0.5654008589184861,0.5654008589184861,0.5654008589184861,0.5654008589184861,0.5654008589184861,0.5654008589184861,0.5654008589184861,0.5654008589184861,0.5654008589184861,0.5654008589184861,0.5654008589184861,0.5654008589184861,0.5654008589184861,0.5654008589184861,0.5654008589184861,0.5654008589184861,0.5654008589184861,0.5654008589184861,0.5654008589184861,0.5654008589184861,0.5654008589184861,0.5654008589184861,0.5654008589184861,0.5654008589184861,0.5654008589184861,0.5654008589184861,0.5654008589184861,0.5654008589184861,0.5654008589184861,0.5654008589184861,0.5654008589184861,0.5654008589184861,0.5654008589184861,0.5654008589184861,0.5654008589184861,0.5654008589184861,0.5654008589184861,0.5654008589184861,0.5654008589184861,0.5654008589184861,0.5654008589184861,0.5654008589184861,0.5654008589184861,0.5654008589184861,0.5654008589184861,0.5654008589184861,0.5654008589184861,0.5654008589184861,0.5654008589184861,0.5654008589184861,0.5654008589184861,0.5654008589184861,0.5654008589184861,0.5654008589184861,0.5654008589184861,0.5654008589184861,0.5654008589184861,0.5654008589184861,0.5654008589184861,0.5654008589184861,0.5654008589184861,0.5654008589184861,0.5654008589184861,0.5654008589184861,0.5654008589184861,0.5654008589184861,0.5654008589184861,0.5654008589184861,0.5654008589184861,0.5654008589184861,0.5654008589184861,0.5654008589184861,0.5654008589184861,0.5654008589184861,0.5654008589184861
710.895254657837,257.4921762414518,129.63141301448823,129.63141301448823,129.63141301448823,129.63141301448823,50.67995648800451,50.67995648800451,25.950974757867716,25.950974757867716,1.6666034717342804,1.6666034717342804,1.6666034717342804,1.6666034717342804,1.6666034717342804,1.6666034717342804,1.6666034717342804,1.6666034717342804,1.6666034717342804,1.6666034717342804,1.6666034717342804,1.6666034717342804,1.6666034717342804,1.6666034717342804,1.6666034717342804,1.6666034717342804,1.6666034717342804,1.6666034717342804,1.6666034717342804,1.6666034717342804,1.6666034717342804,1.6666034717342804,1.6666034717342804,1.6666034717342804,1.6666034717342804,1.6666034717342804,1.6666034717342804,1.6666034717342804,1.6666034717342804,1.6666034717342804,1.6666034717342804,1.6666034717342804,1.6666034717342804,1.6666034717342804,1.6666034717342804,1.6666034717342804,1.6666034717342804,1.6666034717342804,1.6666034717342804,1.6666034717342804,1.6666034717342804,1.6666034717342804,1.6666034717342804,1.6666034717342804,1.6666034717342804,1.6666034717342804,1.6666034717342804,1.6666034717342804,1.6666034717342804,1.6666034717342804,1.6666034717342804,1.6666034717342804,1.6666034717342804,1.6666034717342804,1.6666034717342804,1.6666034717342804,1.6666034717342804,1.6666034717342804,1.6666034717342804,1.6666034717342804,1.6666034717342804,1.6666034717342804,1.6666034717342804,1.6666034717342804,1.6666034717342804,1.6666034717342804,1.6666034717342804,1.6666034717342804,1.6666034717342804,1.6666034717342804,1.6666034717342804
1050.3263045425228,121.82110324848115,121.82110324848115,121.82110324848115,121.82110324848115,43.73708504526818,43.73708504526818,4.640231602872806,4.640231602872806,4.640231602872806,4.640231602872806,4.640231602872806,4.640231602872806,4.640231602872806,4.640231602872806,4.490369402612905,4.490369402612905,4.490369402612905,4.490369402612905,4.490369402612905,4.490369402612905,4.490369402612905,4.490369402612905,4.490369402612905,4.490369402612905,4.490369402612905,4.490369402612905,4.490369402612905,4.490369402612905,4.490369402612905,4.490369402612905,4.490369402612905,4.490369402612905,4.490369402612905,4.490369402612905,4.490369402612905,4.490369402612905,4.490369402612905,2.4131953704057265,2.4131953704057265,2.4131953704057265,2.4131953704057265,2.4131953704057265,2.4131953704057265,2.4131953704057265,2.4131953704057265,1.107721748043489,1.107721748043489,1.107721748043489,1.107721748043489,1.107721748043489,1.107721748043489,1.107721748043489,1.107721748043489,1.107721748043489,1.107721748043489,1.107721748043489,1.107721748043489,1.107721748043489,1.107721748043489,1.107721748043489,1.107721748043489,1.107721748043489,1.107721748043489,1.107721748043489,1.107721748043489,1.107721748043489,1.107721748043489,1.107721748043489,1.107721748043489,1.107721748043489,1.107721748043489,1.107721748043489,1.107721748043489,1.107721748043489,1.107721748043489,1.107721748043489,1.107721748043489,1.107721748043489,1.107721748043489,1.107721748043489
828.3321873134084,42.72626882879583,42.72626882879583,42.72626882879583,42.72626882879583,42.72626882879583,42.72626882879583,2.896464655263742,2.896464655263742,2.896464655263742,2.896464655263742,2.896464655263742,2.896464655263742,2.896464655263742,2.896464655263742,2.896464655263742,2.896464655263742,2.896464655263742,2.896464655263742,2.896464655263742,2.896464655263742,2.896464655263742,2.896464655263742,2.896464655263742,2.896464655263742,2.896464655263742,2.896464655263742,2.896464655263742,2.896464655263742,2.896464655263742,2.896464655263742,2.896464655263742,2.896464655263742,2.896464655263742,2.896464655263742,2.896464655263742,0.9594097599539989,0.9594097599539989,0.9594097599539989,0.9594097599539989,0.9594097599539989,0.9594097599539989,0.9594097599539989,0.9594097599539989,0.9594097599539989,0.9594097599539989,0.9594097599539989,0.9594097599539989,0.9594097599539989,0.9594097599539989,0.9594097599539989,0.9594097599539989,0.9594097599539989,0.9594097599539989,0.9594097599539989,0.9594097599539989,0.9594097599539989,0.9594097599539989,0.9594097599539989,0.9594097599539989,0.8924994624140914,0.8924994624140914,0.8924994624140914,0.8924994624140914,0.8924994624140914,0.8924994624140914,0.8924994624140914,0.8924994624140914,0.8924994624140914,0.8924994624140914,0.8924994624140914,0.8924994624140914,0.8924994624140914,0.8924994624140914,0.8924994624140914,0.8924994624140914,0.8924994624140914,0.8924994624140914,0.8924994624140914,0.8924994624140914,0.8924994624140914
25.597121917743394,25.597121917743394,25.597121917743394,25.597121917743394,25.597121917743394,25.597121917743394,25.597121917743394,25.597121917743394,25.597121917743394,25.597121917743394,25.597121917743394,8.056691590029535,8.056691590029535,8.056691590029535,8.056691590029535,2.5753692126613945,2.5753692126613945,2.5753692126613945,2.5753692126613945,2.5753692126613945,2.5753692126613945,1.3249200793635083,1.3249200793635083,1.3249200793635083,1.3249200793635083,1.3249200793635083,1.3249200793635083,1.3249200793635083,1.3249200793635083,1.3249200793635083,1.3249200793635083,1.3249200793635083,1.3249200793635083,1.3249200793635083,1.3249200793635083,1.3249200793635083,1.3249200793635083,1.3249200793635083,1.3249200793635083,1.3249200793635083,1.3249200793635083,1.3249200793635083,1.3249200793635083,1.3249200793635083,1.3249200793635083,1.3249200793635083,1.3249200793635083,1.3249200793635083,1.3249200793635083,1.3249200793635083,1.3249200793635083,1.3249200793635083,1.3249200793635083,1.3249200793635083,0.48071713761088636,0.48071713761088636,0.48071713761088636,0.48071713761088636,0.48071713761088636,0.48071713761088636,0.48071713761088636,0.48071713761088636,0.48071713761088636,0.48071713761088636,0.48071713761088636,0.48071713761088636,0.48071713761088636,0.48071713761088636,0.48071713761088636,0.48071713761088636,0.48071713761088636,0.48071713761088636,0.48071713761088636,0.48071713761088636,0.48071713761088636,0.48071713761088636,0.48071713761088636,0.48071713761088636,0.48071713761088636,0.48071713761088636,0.48071713761088636
387.44649623050907,139.14455956426764,139.14455956426764,139.14455956426764,11.489577199130888,11.489577199130888,11.489577199130888,11.489577199130888,4.973564754996378,4.973564754996378,4.973564754996378,4.973564754996378,4.973564754996378,4.973564754996378,4.973564754996378,4.973564754996378,4.973564754996378,4.973564754996378,4.973564754996378,4.973564754996378,4.973564754996378,4.973564754996378,4.973564754996378,4.973564754996378,2.798309493716996,2.798309493716996,2.798309493716996,2.798309493716996,2.798309493716996,2.798309493716996,2.798309493716996,0.8792171711776768,0.8792171711776768,0.8792171711776768,0.8792171711776768,0.8792171711776768,0.8792171711776768,0.8792171711776768,0.8792171711776768,0.8792171711776768,0.8792171711776768,0.8792171711776768,0.8792171711776768,0.8792171711776768,0.8792171711776768,0.8792171711776768,0.8792171711776768,0.8792171711776768,0.8792171711776768,0.8792171711776768,0.8792171711776768,0.8792171711776768,0.8792171711776768,0.6402466661049244,0.6402466661049244,0.6402466661049244,0.6402466661049244,0.6402466661049244,0.6402466661049244,0.6402466661049244,0.6402466661049244,0.6402466661049244,0.6402466661049244,0.6402466661049244,0.6402466661049244,0.6402466661049244,0.6402466661049244,0.6402466661049244,0.6402466661049244,0.6402466661049244,0.6402466661049244,0.6402466661049244,0.6402466661049244,0.6402466661049244,0.6402466661049244,0.6402466661049244,0.6402466661049244,0.6402466661049244,0.6402466661049244,0.6402466661049244,0.6402466661049244
588.7450247880989,152.7738991264764,152.7738991264764,152.7738991264764,16.668320202485013,16.668320202485013,16.668320202485013,16.668320202485013,16.668320202485013,16.668320202485013,12.965983334600487,12.965983334600487,12.965983334600487,12.965983334600487,12.965983334600487,5.268059792202775,5.268059792202775,5.268059792202775,5.268059792202775,5.268059792202775,5.268059792202775,5.24139388424456,5.24139388424456,5.24139388424456,2.8474736589559067,2.8474736589559067,2.8474736589559067,2.8474736589559067,2.8474736589559067,2.8474736589559067,2.8474736589559067,2.8474736589559067,2.8474736589559067,2.8474736589559067,2.8474736589559067,2.8474736589559067,2.8474736589559067,2.8474736589559067,2.8474736589559067,2.8474736589559067,2.8474736589559067,2.8474736589559067,2.8474736589559067,2.8474736589559067,2.8474736589559067,1.7988452188429052,1.7988452188429052,1.7988452188429052,1.7988452188429052,1.7988452188429052,1.7988452188429052,1.7988452188429052,1.7988452188429052,1.7988452188429052,1.7988452188429052,1.7988452188429052,1.7988452188429052,1.7988452188429052,1.7988452188429052,1.7988452188429052,1.7988452188429052,1.7988452188429052,1.7988452188429052,1.7988452188429052,1.7988452188429052,1.7988452188429052,1.7988452188429052,1.7988452188429052,1.7988452188429052,1.7988452188429052,1.7988452188429052,1.7988452188429052,1.7988452188429052,1.7988452188429052,1.7988452188429052,1.7988452188429052,1.7988452188429052,1.7988452188429052,1.7988452188429052,1.7988452188429052,1.7988452188429052
1136.3663550043018,2.5615310985247506,2.5615310985247506,2.5615310985247506,2.5615310985247506,2.5615310985247506,2.5615310985247506,2.5615310985247506,2.5615310985247506,2.5615310985247506,2.5615310985247506,2.5615310985247506,2.5615310985247506,2.5615310985247506,2.5615310985247506,2.5615310985247506,2.5615310985247506,2.5615310985247506,2.5615310985247506,2.5615310985247506,2.5615310985247506,2.5615310985247506,2.5615310985247506,2.5615310985247506,2.5615310985247506,2.5615310985247506,2.5615310985247506,2.5615310985247506,2.5615310985247506,2.5615310985247506,2.5615310985247506,2.5615310985247506,2.5615310985247506,2.5615310985247506,2.5615310985247506,2.5615310985247506,2.5615310985247506,2.5615310985247506,2.5615310985247506,2.5615310985247506,2.5615310985247506,2.5615310985247506,2.5615310985247506,2.5615310985247506,2.5615310985247506,2.5615310985247506,2.5615310985247506,2.5615310985247506,2.5615310985247506,2.5615310985247506,2.5615310985247506,2.5615310985247506,2.5615310985247506,2.5615310985247506,2.5615310985247506,2.5615310985247506,2.5615310985247506,2.5615310985247506,2.5615310985247506,2.5615310985247506,2.5615310985247506,2.5615310985247506,2.5615310985247506,2.5615310985247506,2.5615310985247506,2.5615310985247506,2.5615310985247506,2.5615310985247506,2.5615310985247506,2.5615310985247506,2.5615310985247506,2.5615310985247506,2.5615310985247506,2.5615310985247506,2.148065399059967,2.148065399059967,2.148065399059967,2.148065399059967,2.148065399059967,2.148065399059967,2.148065399059967
37.6823021361471,37.6823021361471,37.6823021361471,37.6823021361471,37.6823021361471,3.99624159482753,3.99624159482753,3.99624159482753,3.99624159482753,3.99624159482753,3.99624159482753,3.99624159482753,3.99624159482753,3.99624159482753,3.99624159482753,3.99624159482753,2.6531114875833324,2.6531114875833324,0.3219054767603561,0.3219054767603561,0.3219054767603561,0.3219054767603561,0.3219054767603561,0.3219054767603561,0.3219054767603561,0.3219054767603561,0.3219054767603561,0.3219054767603561,0.3219054767603561,0.3219054767603561,0.3219054767603561,0.3219054767603561,0.3219054767603561,0.3219054767603561,0.3219054767603561,0.3219054767603561,0.3219054767603561,0.3219054767603561,0.3219054767603561,0.3219054767603561,0.3219054767603561,0.3219054767603561,0.3219054767603561,0.3219054767603561,0.3219054767603561,0.3219054767603561,0.3219054767603561,0.3219054767603561,0.3219054767603561,0.3219054767603561,0.3219054767603561,0.3219054767603561,0.3219054767603561,0.3219054767603561,0.3219054767603561,0.3219054767603561,0.3219054767603561,0.3219054767603561,0.3219054767603561,0.3219054767603561,0.3219054767603561,0.3219054767603561,0.3219054767603561,0.3219054767603561,0.3219054767603561,0.3219054767603561,0.3219054767603561,0.3219054767603561,0.3219054767603561,0.3219054767603561,0.3219054767603561,0.3219054767603561,0.3219054767603561,0.3219054767603561,0.3219054767603561,0.3219054767603561,0.3219054767603561,0.3219054767603561,0.3219054767603561,0.3219054767603561,0.3219054767603561
698.3864148084131,319.6624249068919,9.915708612858172,9.915708612858172,9.915708612858172,9.915708612858172,9.915708612858172,9.915708612858172,9.915708612858172,9.915708612858172,9.915708612858172,5.3243459536812985,5.3243459536812985,5.3243459536812985,5.3243459536812985,5.3243459536812985,5.3243459536812985,5.3243459536812985,5.3243459536812985,5.3243459536812985,5.3243459536812985,5.3243459536812985,5.3243459536812985,5.3243459536812985,5.3243459536812985,5.3243459536812985,5.3243459536812985,5.3243459536812985,5.3243459536812985,5.3243459536812985,5.3243459536812985,5.3243459536812985,5.3243459536812985,5.3243459536812985,5.3243459536812985,5.3243459536812985,5.3243459536812985,5.3243459536812985,5.3243459536812985,5.3243459536812985,5.3243459536812985,5.3243459536812985,5.3243459536812985,5.3243459536812985,5.3243459536812985,2.0578185682508785,2.0578185682508785,2.0578185682508785,2.0578185682508785,2.0578185682508785,2.0578185682508785,2.0578185682508785,2.0578185682508785,2.0578185682508785,2.0578185682508785,2.0578185682508785,2.0578185682508785,2.0578185682508785,2.0578185682508785,2.0578185682508785,2.0578185682508785,2.0578185682508785,2.0578185682508785,2.0578185682508785,2.0578185682508785,2.0578185682508785,2.0578185682508785,2.0578185682508785,0.9054897883925493,0.9054897883925493,0.9054897883925493,0.9054897883925493,0.9054897883925493,0.9054897883925493,0.9054897883925493,0.9054897883925493,0.9054897883925493,0.9054897883925493,0.9054897883925493,0.9054897883925493,0.9054897883925493
363.3720784508044,38.96236175135399,38.96236175135399,38.96236175135399,38.96236175135399,38.96236175135399,38.96236175135399,25.109764962916717,25.109764962916717,2.1549884848446883,2.1549884848446883,2.1549884848446883,2.1549884848446883,2.1549884848446883,2.1549884848446883,2.1549884848446883,2.1549884848446883,2.1549884848446883,2.1549884848446883,2.1549884848446883,2.1549884848446883,2.1549884848446883,2.1549884848446883,2.1549884848446883,2.1549884848446883,2.1549884848446883,2.1549884848446883,2.1549884848446883,2.1549884848446883,2.1549884848446883,0.7257499356628418,0.7257499356628418,0.7257499356628418,0.7257499356628418,0.7257499356628418,0.7257499356628418,0.7257499356628418,0.7257499356628418,0.7257499356628418,0.7257499356628418,0.7257499356628418,0.7257499356628418,0.7257499356628418,0.7257499356628418,0.7257499356628418,0.7257499356628418,0.7257499356628418,0.7257499356628418,0.7257499356628418,0.7257499356628418,0.7257499356628418,0.7257499356628418,0.7257499356628418,0.7257499356628418,0.7257499356628418,0.7257499356628418,0.7257499356628418,0.7257499356628418,0.7257499356628418,0.7257499356628418,0.7257499356628418,0.7257499356628418,0.7257499356628418,0.7257499356628418,0.7257499356628418,0.7257499356628418,0.7257499356628418,0.7257499356628418,0.7257499356628418,0.7257499356628418,0.7257499356628418,0.7257499356628418,0.7257499356628418,0.7257499356628418,0.7257499356628418,0.7257499356628418,0.7257499356628418,0.7257499356628418,0.7257499356628418,0.7257499356628418,0.7257499356628418
130.15124984148937,130.15124984148937,130.15124984148937,130.15124984148937,30.282475743506687,30.282475743506687,30.282475743506687,30.282475743506687,30.282475743506687,30.282475743506687,1.4970277436197124,1.4970277436197124,1.4970277436197124,1.4970277436197124,1.4970277436197124,1.4970277436197124,1.4970277436197124,1.4970277436197124,1.4970277436197124,1.4970277436197124,1.4970277436197124,1.4970277436197124,1.4970277436197124,1.4970277436197124,1.4970277436197124,1.4970277436197124,1.4970277436197124,1.4970277436197124,1.4970277436197124,1.4970277436197124,1.4970277436197124,1.4970277436197124,1.4970277436197124,1.4970277436197124,1.4970277436197124,1.4970277436197124,1.4970277436197124,1.4970277436197124,1.4970277436197124,1.4970277436197124,1.4970277436197124,1.4970277436197124,1.4970277436197124,1.4970277436197124,1.4970277436197124,1.4970277436197124,1.4970277436197124,1.4970277436197124,1.4970277436197124,1.4970277436197124,1.4970277436197124,1.4970277436197124,1.4970277436197124,1.4970277436197124,1.4970277436197124,1.4970277436197124,1.4970277436197124,1.4970277436197124,1.4970277436197124,1.4970277436197124,1.4970277436197124,1.4970277436197124,1.4970277436197124,1.4970277436197124,1.4970277436197124,1.4970277436197124,1.4970277436197124,1.4970277436197124,1.4970277436197124,1.4970277436197124,1.4970277436197124,1.4970277436197124,1.4970277436197124,1.4970277436197124,1.4970277436197124,1.4970277436197124,1.4970277436197124,1.4970277436197124,1.4970277436197124,1.4970277436197124,1.4970277436197124
215.98953460058894,150.62243085849,150.62243085849,47.45771063411748,47.45771063411748,47.45771063411748,47.45771063411748,47.45771063411748,13.042454432747498,13.042454432747498,6.505083976301322,6.505083976301322,6.505083976301322,6.505083976301322,6.505083976301322,2.1768663336812373,2.1768663336812373,2.1768663336812373,2.1768663336812373,2.1768663336812373,2.1768663336812373,2.1768663336812373,2.1768663336812373,2.1768663336812373,2.1768663336812373,2.1768663336812373,2.1768663336812373,2.1768663336812373,2.1768663336812373,2.1768663336812373,2.1768663336812373,2.1768663336812373,2.1768663336812373,2.1768663336812373,2.1768663336812373,2.1768663336812373,2.1768663336812373,2.1768663336812373,2.1768663336812373,2.1768663336812373,2.1768663336812373,2.1768663336812373,2.1768663336812373,2.1768663336812373,2.1768663336812373,2.1768663336812373,2.1768663336812373,2.1768663336812373,2.1768663336812373,2.1768663336812373,2.1768663336812373,2.1768663336812373,2.1768663336812373,2.1768663336812373,2.1768663336812373,2.1768663336812373,2.1768663336812373,2.1768663336812373,2.1768663336812373,2.1768663336812373,2.1768663336812373,2.1768663336812373,2.1768663336812373,2.1768663336812373,2.1768663336812373,2.1768663336812373,0.5185207518749562,0.5185207518749562,0.5185207518749562,0.5185207518749562,0.5185207518749562,0.5185207518749562,0.5185207518749562,0.5185207518749562,0.5185207518749562,0.5185207518749562,0.5185207518749562,0.5185207518749562,0.5185207518749562,0.5185207518749562,0.5185207518749562
79.93442772298758,79.93442772298758,79.93442772298758,79.93442772298758,49.63744027861235,49.63744027861235,49.63744027861235,49.63744027861235,49.63744027861235,3.385141956577349,3.385141956577349,3.385141956577349,3.385141956577349,3.385141956577349,3.385141956577349,3.385141956577349,3.385141956577349,3.385141956577349,3.385141956577349,3.385141956577349,3.385141956577349,3.385141956577349,3.385141956577349,3.385141956577349,3.385141956577349,3.385141956577349,3.385141956577349,3.385141956577349,0.9324080283816487,0.9324080283816487,0.9324080283816487,0.9324080283816487,0.9324080283816487,0.9324080283816487,0.9324080283816487,0.9324080283816487,0.9324080283816487,0.9324080283816487,0.9324080283816487,0.13403124068538463,0.13403124068538463,0.13403124068538463,0.13403124068538463,0.13403124068538463,0.13403124068538463,0.13403124068538463,0.13403124068538463,0.13403124068538463,0.13403124068538463,0.13403124068538463,0.13403124068538463,0.13403124068538463,0.13403124068538463,0.13403124068538463,0.13403124068538463,0.13403124068538463,0.13403124068538463,0.13403124068538463,0.13403124068538463,0.13403124068538463,0.13403124068538463,0.13403124068538463,0.13403124068538463,0.13403124068538463,0.13403124068538463,0.13403124068538463,0.13403124068538463,0.13403124068538463,0.13403124068538463,0.13403124068538463,0.13403124068538463,0.13403124068538463,0.13403124068538463,0.13403124068538463,0.13403124068538463,0.13403124068538463,0.13403124068538463,0.13403124068538463,0.13403124068538463,0.13403124068538463,0.13403124068538463
1236.1405459972166,44.79983004716675,44.79983004716675,44.79983004716675,44.79983004716675,44.79983004716675,44.79983004716675,44.79983004716675,0.7676174170377521,0.7676174170377521,0.7676174170377521,0.7676174170377521,0.7676174170377521,0.7676174170377521,0.7676174170377521,0.7676174170377521,0.7676174170377521,0.7676174170377521,0.7676174170377521,0.7676174170377521,0.7676174170377521,0.7676174170377521,0.7676174170377521,0.7676174170377521,0.7676174170377521,0.7676174170377521,0.7676174170377521,0.7676174170377521,0.7676174170377521,0.7676174170377521,0.7676174170377521,0.7676174170377521,0.7676174170377521,0.7676174170377521,0.7676174170377521,0.7676174170377521,0.7676174170377521,0.7676174170377521,0.7676174170377521,0.7676174170377521,0.7676174170377521,0.7676174170377521,0.7676174170377521,0.7676174170377521,0.7676174170377521,0.7676174170377521,0.7676174170377521,0.7676174170377521,0.7676174170377521,0.7676174170377521,0.7676174170377521,0.7676174170377521,0.7676174170377521,0.7676174170377521,0.7676174170377521,0.7676174170377521,0.7676174170377521,0.7676174170377521,0.7676174170377521,0.7676174170377521,0.7676174170377521,0.7676174170377521,0.7676174170377521,0.7676174170377521,0.7676174170377521,0.7676174170377521,0.7676174170377521,0.7676174170377521,0.7676174170377521,0.7676174170377521,0.7676174170377521,0.7676174170377521,0.7676174170377521,0.7676174170377521,0.7676174170377521,0.7676174170377521,0.7676174170377521,0.7676174170377521,0.7676174170377521,0.7676174170377521,0.7676174170377521
542.7818640282155,164.02512185187567,164.02512185187567,164.02512185187567,59.89134527077202,46.88021442402435,46.88021442402435,46.88021442402435,46.88021442402435,2.3198599837821012,2.3198599837821012,2.3198599837821012,2.3198599837821012,2.3198599837821012,2.3198599837821012,2.3198599837821012,2.3198599837821012,2.3198599837821012,2.3198599837821012,2.3198599837821012,2.3198599837821012,2.3198599837821012,2.3198599837821012,2.3198599837821012,2.3198599837821012,2.3198599837821012,2.3198599837821012,2.3198599837821012,2.3198599837821012,2.3198599837821012,2.3198599837821012,2.3198599837821012,2.3198599837821012,2.3198599837821012,2.3198599837821012,2.3198599837821012,2.3198599837821012,2.3198599837821012,2.3198599837821012,2.3198599837821012,2.3198599837821012,2.3198599837821012,2.3198599837821012,2.3198599837821012,2.3198599837821012,2.3198599837821012,2.3198599837821012,2.3198599837821012,2.3198599837821012,2.3198599837821012,2.3198599837821012,2.3198599837821012,2.3198599837821012,2.3198599837821012,2.3198599837821012,2.3198599837821012,2.3198599837821012,2.3198599837821012,2.3198599837821012,2.3198599837821012,2.3198599837821012,2.3198599837821012,2.3198599837821012,2.3198599837821012,1.3118650946661923,1.3118650946661923,1.3118650946661923,1.3118650946661923,1.3118650946661923,1.3118650946661923,1.3118650946661923,1.3118650946661923,1.3118650946661923,1.3118650946661923,1.3118650946661923,1.3118650946661923,1.3118650946661923,1.3118650946661923,1.3118650946661923,1.3118650946661923,1.3118650946661923
81.29543972639887,81.29543972639887,81.29543972639887,81.29543972639887,61.353867400991554,61.353867400991554,61.353867400991554,23.95138918346476,23.95138918346476,3.873810236859663,3.873810236859663,3.873810236859663,3.873810236859663,3.873810236859663,3.873810236859663,3.873810236859663,3.873810236859663,3.873810236859663,3.873810236859663,3.873810236859663,3.873810236859663,3.873810236859663,3.873810236859663,3.873810236859663,3.873810236859663,3.873810236859663,3.873810236859663,3.873810236859663,1.9826551924577946,1.9826551924577946,1.9826551924577946,1.9826551924577946,1.9826551924577946,1.9826551924577946,1.9826551924577946,1.9826551924577946,1.9826551924577946,1.9826551924577946,1.9826551924577946,1.9826551924577946,1.9826551924577946,1.9826551924577946,1.9826551924577946,1.9826551924577946,1.9826551924577946,1.9826551924577946,1.9826551924577946,1.9826551924577946,1.9826551924577946,1.9826551924577946,1.9826551924577946,1.9826551924577946,1.9826551924577946,1.9826551924577946,1.9826551924577946,1.9826551924577946,1.9826551924577946,0.6232347245945865,0.6232347245945865,0.6232347245945865,0.6232347245945865,0.6232347245945865,0.6232347245945865,0.6232347245945865,0.6232347245945865,0.6232347245945865,0.6232347245945865,0.6232347245945865,0.6232347245945865,0.6232347245945865,0.6232347245945865,0.6232347245945865,0.6232347245945865,0.6232347245945865,0.6232347245945865,0.6232347245945865,0.6232347245945865,0.6232347245945865,0.6232347245945865,0.6232347245945865,0.6232347245945865
675.9805988048003,11.973995365706347,11.973995365706347,11.973995365706347,11.973995365706347,11.973995365706347,11.973995365706347,11.973995365706347,11.973995365706347,11.973995365706347,11.973995365706347,11.973995365706347,4.015729534522595,4.015729534522595,4.015729534522595,4.015729534522595,4.015729534522595,4.015729534522595,4.015729534522595,4.015729534522595,1.7139980172325693,1.7139980172325693,1.7139980172325693,1.7139980172325693,1.7139980172325693,1.7139980172325693,1.7139980172325693,1.7139980172325693,1.7139980172325693,1.7139980172325693,1.7139980172325693,1.7139980172325693,1.7139980172325693,1.7139980172325693,1.7139980172325693,1.7139980172325693,1.7139980172325693,1.7139980172325693,1.7139980172325693,1.7139980172325693,1.7139980172325693,1.7139980172325693,1.7139980172325693,1.7139980172325693,1.7139980172325693,1.7139980172325693,1.7139980172325693,1.7139980172325693,1.7139980172325693,1.1763835205076425,1.1763835205076425,1.1763835205076425,1.1763835205076425,1.1763835205076425,1.1763835205076425,1.1763835205076425,1.1763835205076425,1.1763835205076425,1.1763835205076425,1.1763835205076425,1.1763835205076425,1.1763835205076425,1.1763835205076425,1.1763835205076425,1.1763835205076425,1.1763835205076425,1.1763835205076425,1.1763835205076425,1.1763835205076425,1.1763835205076425,1.1763835205076425,1.1763835205076425,1.1763835205076425,1.1763835205076425,1.1763835205076425,1.1763835205076425,1.1763835205076425,1.1763835205076425,1.1763835205076425,1.1763835205076425,1.1763835205076425
795.1545767856587,35.569290170686436,35.569290170686436,35.569290170686436,35.569290170686436,35.569290170686436,35.569290170686436,24.905993349294413,24.905993349294413,24.905993349294413,24.905993349294413,24.905993349294413,12.210976567556127,12.210976567556127,1.2923310213195345,1.2923310213195345,1.2923310213195345,1.2923310213195345,1.2923310213195345,1.2923310213195345,1.2923310213195345,1.2923310213195345,1.2923310213195345,1.2923310213195345,1.2923310213195345,1.2923310213195345,1.2923310213195345,1.2923310213195345,1.2923310213195345,1.2923310213195345,1.2923310213195345,1.2923310213195345,1.2923310213195345,1.2923310213195345,1.2923310213195345,1.2923310213195345,1.2923310213195345,1.2923310213195345,1.2923310213195345,1.2923310213195345,1.2923310213195345,1.2923310213195345,1.2923310213195345,1.2923310213195345,1.2923310213195345,1.2923310213195345,1.2923310213195345,1.2923310213195345,1.2923310213195345,1.2923310213195345,1.2923310213195345,1.2923310213195345,1.2923310213195345,1.2923310213195345,1.2923310213195345,1.2923310213195345,1.2923310213195345,1.2923310213195345,1.2923310213195345,1.2923310213195345,1.2923310213195345,1.2923310213195345,1.2923310213195345,1.2923310213195345,1.2923310213195345,1.2923310213195345,1.2923310213195345,1.2923310213195345,1.2923310213195345,1.2923310213195345,1.2923310213195345,1.2923310213195345,0.9962968928521625,0.9962968928521625,0.9962968928521625,0.9962968928521625,0.9962968928521625,0.9962968928521625,0.9962968928521625,0.9962968928521625,0.9962968928521625
737.9743919609364,1.1879725453820764,1.1879725453820764,1.1879725453820764,1.1879725453820764,1.1879725453820764,1.1879725453820764,1.1879725453820764,1.1879725453820764,1.1879725453820764,1.1879725453820764,1.1879725453820764,1.1879725453820764,1.1879725453820764,1.1879725453820764,1.1879725453820764,1.1879725453820764,1.1879725453820764,1.1879725453820764,1.1879725453820764,1.1879725453820764,1.1879725453820764,1.1782231030446286,1.1782231030446286,1.1782231030446286,1.1782231030446286,1.1782231030446286,1.1782231030446286,1.0244129538541453,1.0244129538541453,1.0244129538541453,1.0244129538541453,1.0244129538541453,1.0244129538541453,1.0244129538541453,1.0244129538541453,1.0244129538541453,1.0244129538541453,1.0244129538541453,1.0244129538541453,1.0244129538541453,1.0244129538541453,1.0244129538541453,1.0244129538541453,1.0244129538541453,1.0244129538541453,1.0244129538541453,1.0244129538541453,1.0244129538541453,1.0244129538541453,1.0244129538541453,1.0244129538541453,1.0244129538541453,1.0244129538541453,1.0244129538541453,1.0244129538541453,1.0244129538541453,1.0244129538541453,1.0244129538541453,1.0244129538541453,1.0244129538541453,1.0244129538541453,1.0244129538541453,1.0244129538541453,1.0244129538541453,1.0244129538541453,1.0244129538541453,1.0244129538541453,1.0244129538541453,1.0244129538541453,1.0244129538541453,1.0244129538541453,1.0244129538541453,1.0244129538541453,1.0244129538541453,1.0244129538541453,1.0244129538541453,1.0244129538541453,1.0244129538541453,0.9433554722246202,0.9433554722246202
134.63601029774367,134.63601029774367,134.63601029774367,80.94340315701616,80.94340315701616,22.000399304300828,22.000399304300828,22.000399304300828,22.000399304300828,17.96633139811322,17.96633139811322,17.96633139811322,4.281887236849112,4.281887236849112,4.281887236849112,4.281887236849112,4.281887236849112,4.281887236849112,4.281887236849112,3.4498132688419387,3.4498132688419387,3.4498132688419387,3.4498132688419387,3.4498132688419387,3.4498132688419387,3.4498132688419387,3.4498132688419387,3.4498132688419387,3.4498132688419387,3.4498132688419387,1.15767807409574,1.15767807409574,1.15767807409574,1.15767807409574,1.15767807409574,1.15767807409574,1.15767807409574,1.15767807409574,1.15767807409574,1.15767807409574,1.15767807409574,1.15767807409574,1.15767807409574,1.15767807409574,1.15767807409574,1.15767807409574,1.15767807409574,1.15767807409574,1.15767807409574,1.15767807409574,1.15767807409574,1.15767807409574,0.9394815383813093,0.9394815383813093,0.9394815383813093,0.9394815383813093,0.9394815383813093,0.9394815383813093,0.9394815383813093,0.9394815383813093,0.9394815383813093,0.9394815383813093,0.9394815383813093,0.9394815383813093,0.9394815383813093,0.9394815383813093,0.9394815383813093,0.9394815383813093,0.9394815383813093,0.9394815383813093,0.9394815383813093,0.9394815383813093,0.9394815383813093,0.9394815383813093,0.9394815383813093,0.9394815383813093,0.9394815383813093,0.9394815383813093,0.9394815383813093,0.9394815383813093,0.9394815383813093
59.78406455153031,59.78406455153031,59.78406455153031,59.78406455153031,59.78406455153031,59.78406455153031,9.755449630541252,9.755449630541252,9.755449630541252,9.755449630541252,3.762644256004765,3.762644256004765,3.762644256004765,3.762644256004765,3.762644256004765,3.762644256004765,3.762644256004765,3.762644256004765,3.762644256004765,3.762644256004765,3.762644256004765,3.762644256004765,2.290265273955953,2.290265273955953,2.290265273955953,2.290265273955953,2.290265273955953,2.290265273955953,2.290265273955953,2.290265273955953,2.290265273955953,2.290265273955953,2.290265273955953,2.290265273955953,2.290265273955953,2.290265273955953,2.290265273955953,2.290265273955953,2.290265273955953,2.290265273955953,2.290265273955953,2.290265273955953,2.290265273955953,2.290265273955953,2.290265273955953,2.290265273955953,2.290265273955953,2.290265273955953,2.290265273955953,2.290265273955953,2.290265273955953,2.290265273955953,2.290265273955953,2.290265273955953,2.290265273955953,2.290265273955953,2.290265273955953,2.290265273955953,0.6201544136482394,0.6201544136482394,0.6201544136482394,0.6201544136482394,0.6201544136482394,0.6201544136482394,0.5413089849452367,0.5413089849452367,0.5413089849452367,0.5413089849452367,0.5413089849452367,0.5413089849452367,0.5413089849452367,0.5413089849452367,0.5413089849452367,0.5413089849452367,0.5413089849452367,0.5413089849452367,0.5413089849452367,0.5413089849452367,0.5413089849452367,0.5413089849452367,0.5413089849452367
941.8741082353083,20.571420562565866,20.571420562565866,20.571420562565866,20.571420562565866,20.571420562565866,20.571420562565866,20.571420562565866,2.5968634398474437,2.5968634398474437,2.5968634398474437,2.5968634398474437,2.5968634398474437,2.5968634398474437,2.5968634398474437,2.5968634398474437,2.5968634398474437,2.5968634398474437,2.5968634398474437,2.5968634398474437,2.5968634398474437,2.5968634398474437,2.5968634398474437,2.3721136934164813,2.3721136934164813,2.3721136934164813,2.3721136934164813,2.3721136934164813,2.3721136934164813,2.3721136934164813,2.3721136934164813,2.3721136934164813,2.3721136934164813,2.3721136934164813,2.3721136934164813,2.3721136934164813,2.3721136934164813,2.3721136934164813,2.3721136934164813,2.3721136934164813,2.3721136934164813,2.3721136934164813,2.3721136934164813,2.3721136934164813,2.3721136934164813,2.3721136934164813,2.3721136934164813,2.3721136934164813,2.3721136934164813,2.3721136934164813,2.3721136934164813,2.3721136934164813,2.3721136934164813,2.3721136934164813,2.3721136934164813,2.3721136934164813,2.3721136934164813,2.3721136934164813,2.3721136934164813,2.3721136934164813,2.3721136934164813,2.3721136934164813,2.3721136934164813,2.3721136934164813,2.3721136934164813,2.3721136934164813,2.3721136934164813,2.3721136934164813,2.3721136934164813,2.3721136934164813,2.3721136934164813,2.014786182007973,2.014786182007973,2.014786182007973,2.014786182007973,2.014786182007973,2.014786182007973,2.014786182007973,2.014786182007973,2.014786182007973,2.014786182007973
326.9283596408476,159.56839841376393,141.56448572845477,141.56448572845477,141.56448572845477,141.56448572845477,140.65165541242376,17.657073951460777,17.657073951460777,9.070476232795082,9.070476232795082,9.070476232795082,9.070476232795082,9.070476232795082,9.070476232795082,9.070476232795082,9.070476232795082,9.070476232795082,9.070476232795082,9.070476232795082,9.070476232795082,0.7422185818485442,0.7422185818485442,0.7422185818485442,0.7422185818485442,0.7422185818485442,0.7422185818485442,0.7422185818485442,0.7422185818485442,0.7422185818485442,0.7422185818485442,0.7422185818485442,0.7422185818485442,0.7422185818485442,0.7422185818485442,0.7422185818485442,0.7422185818485442,0.7422185818485442,0.7422185818485442,0.7422185818485442,0.7422185818485442,0.7422185818485442,0.7422185818485442,0.7422185818485442,0.7422185818485442,0.7422185818485442,0.7422185818485442,0.7422185818485442,0.7422185818485442,0.7422185818485442,0.7422185818485442,0.7422185818485442,0.7422185818485442,0.7422185818485442,0.7422185818485442,0.7422185818485442,0.7422185818485442,0.7422185818485442,0.7422185818485442,0.7422185818485442,0.7422185818485442,0.7422185818485442,0.7422185818485442,0.7422185818485442,0.7422185818485442,0.7422185818485442,0.7422185818485442,0.7422185818485442,0.7422185818485442,0.7422185818485442,0.7422185818485442,0.7422185818485442,0.7422185818485442,0.7422185818485442,0.7422185818485442,0.7422185818485442,0.7422185818485442,0.7422185818485442,0.7422185818485442,0.7422185818485442,0.7422185818485442
819.2621294113485,60.749564305693475,60.749564305693475,60.749564305693475,60.749564305693475,23.368800524029645,23.368800524029645,23.368800524029645,23.368800524029645,23.368800524029645,23.368800524029645,5.724537009422632,5.724537009422632,5.724537009422632,5.724537009422632,5.724537009422632,5.724537009422632,5.724537009422632,5.724537009422632,5.724537009422632,5.724537009422632,5.724537009422632,5.724537009422632,5.724537009422632,5.724537009422632,5.724537009422632,5.724537009422632,5.724537009422632,5.724537009422632,5.724537009422632,1.0552667805130769,1.0552667805130769,1.0552667805130769,1.0552667805130769,1.0552667805130769,1.0552667805130769,1.0552667805130769,1.0552667805130769,1.0552667805130769,1.0552667805130769,1.0552667805130769,1.0552667805130769,1.0552667805130769,1.0552667805130769,1.0552667805130769,1.0552667805130769,1.0552667805130769,0.817981120347253,0.817981120347253,0.817981120347253,0.817981120347253,0.817981120347253,0.817981120347253,0.817981120347253,0.817981120347253,0.817981120347253,0.817981120347253,0.817981120347253,0.817981120347253,0.4640655930938941,0.4640655930938941,0.4640655930938941,0.4640655930938941,0.4640655930938941,0.4640655930938941,0.4640655930938941,0.4640655930938941,0.4640655930938941,0.4640655930938941,0.4640655930938941,0.4640655930938941,0.4640655930938941,0.4640655930938941,0.4640655930938941,0.4640655930938941,0.4640655930938941,0.4640655930938941,0.4640655930938941,0.4640655930938941,0.4640655930938941,0.4640655930938941
11.311449999241933,11.311449999241933,11.311449999241933,11.311449999241933,11.311449999241933,11.311449999241933,11.311449999241933,11.311449999241933,11.311449999241933,11.311449999241933,11.311449999241933,11.311449999241933,11.311449999241933,11.311449999241933,11.311449999241933,11.311449999241933,11.311449999241933,11.311449999241933,9.512187797421802,9.512187797421802,9.512187797421802,9.512187797421802,8.357024793835327,8.357024793835327,8.357024793835327,8.357024793835327,2.613968114970381,2.613968114970381,2.613968114970381,2.613968114970381,2.613968114970381,2.613968114970381,2.613968114970381,2.613968114970381,2.613968114970381,2.613968114970381,2.613968114970381,2.613968114970381,2.613968114970381,2.613968114970381,2.613968114970381,2.613968114970381,2.613968114970381,2.613968114970381,2.613968114970381,2.613968114970381,2.613968114970381,2.613968114970381,2.613968114970381,1.2939559163161323,1.2939559163161323,1.2939559163161323,1.2939559163161323,1.2939559163161323,1.2939559163161323,1.2939559163161323,1.2939559163161323,1.2939559163161323,1.2939559163161323,1.2939559163161323,1.2939559163161323,1.2939559163161323,1.2939559163161323,1.2939559163161323,1.2939559163161323,1.2939559163161323,1.2939559163161323,1.2939559163161323,1.2939559163161323,1.2939559163161323,1.2939559163161323,1.2939559163161323,1.2939559163161323,1.2939559163161323,1.2939559163161323,1.2939559163161323,0.8541614631887908,0.8541614631887908,0.8541614631887908,0.8541614631887908,0.8541614631887908
1136.019113005241,132.91634041489405,132.91634041489405,132.91634041489405,78.90600761185517,78.90600761185517,12.5904721349512,12.5904721349512,12.5904721349512,12.5904721349512,12.5904721349512,12.5904721349512,11.918203074489872,11.918203074489872,11.918203074489872,11.918203074489872,11.918203074489872,2.33947831963202,2.33947831963202,2.33947831963202,2.33947831963202,2.33947831963202,2.33947831963202,2.33947831963202,2.33947831963202,2.33947831963202,2.33947831963202,2.33947831963202,2.33947831963202,2.33947831963202,2.33947831963202,2.33947831963202,2.33947831963202,2.33947831963202,2.33947831963202,2.33947831963202,0.9518266325738691,0.9518266325738691,0.9518266325738691,0.9518266325738691,0.9518266325738691,0.9518266325738691,0.9518266325738691,0.9518266325738691,0.9518266325738691,0.9518266325738691,0.9518266325738691,0.9518266325738691,0.9518266325738691,0.9518266325738691,0.9518266325738691,0.9518266325738691,0.9518266325738691,0.9518266325738691,0.9518266325738691,0.9518266325738691,0.9518266325738691,0.9518266325738691,0.9518266325738691,0.9518266325738691,0.9518266325738691,0.9518266325738691,0.9518266325738691,0.9518266325738691,0.9518266325738691,0.9518266325738691,0.9518266325738691,0.9518266325738691,0.9518266325738691,0.9518266325738691,0.9518266325738691,0.9518266325738691,0.6206909884147611,0.6206909884147611,0.6206909884147611,0.6206909884147611,0.6206909884147611,0.6206909884147611,0.6206909884147611,0.6206909884147611,0.6206909884147611
1156.5508372636878,17.00922571803126,17.00922571803126,17.00922571803126,17.00922571803126,17.00922571803126,17.00922571803126,17.00922571803126,16.729961516379035,16.729961516379035,16.729961516379035,16.729961516379035,16.729961516379035,16.729961516379035,8.736671222099165,8.736671222099165,8.736671222099165,8.736671222099165,8.736671222099165,8.736671222099165,3.28152843028987,3.28152843028987,3.28152843028987,3.28152843028987,3.28152843028987,3.28152843028987,3.28152843028987,3.28152843028987,3.28152843028987,3.28152843028987,3.28152843028987,3.28152843028987,3.28152843028987,3.28152843028987,3.28152843028987,3.28152843028987,3.28152843028987,2.3899437725706734,2.3899437725706734,2.3899437725706734,0.6799743188274576,0.6799743188274576,0.6799743188274576,0.6799743188274576,0.6799743188274576,0.6799743188274576,0.6799743188274576,0.6799743188274576,0.6799743188274576,0.6799743188274576,0.6799743188274576,0.6799743188274576,0.6799743188274576,0.6799743188274576,0.6799743188274576,0.6799743188274576,0.6799743188274576,0.6799743188274576,0.6799743188274576,0.6799743188274576,0.6799743188274576,0.6799743188274576,0.6799743188274576,0.6799743188274576,0.6799743188274576,0.6799743188274576,0.6799743188274576,0.6799743188274576,0.6799743188274576,0.6799743188274576,0.6799743188274576,0.6799743188274576,0.6799743188274576,0.6799743188274576,0.6799743188274576,0.6799743188274576,0.6799743188274576,0.6799743188274576,0.6799743188274576,0.6799743188274576,0.6799743188274576
